Some((
    red: 0.57254905,
    green: 0.5137255,
    blue: 0.45490196,
))