Some((
    red: 0.9843137,
    green: 0.94509804,
    blue: 0.78039217,
))